6 1 6 2 6 3 6 4 6 5 
6 35 5 0 5 1 5 2 5 3 5 4 5 5 6 7 
6 34 5 29 4 0 4 1 4 2 4 3 4 4 5 6 6 8 
6 33 5 28 4 23 3 0 3 1 3 2 3 3 4 5 5 7 6 9 
6 32 5 27 4 22 3 17 2 0 2 1 2 2 3 4 4 6 5 8 6 10 
6 31 5 26 4 21 3 16 2 11 1 0 1 1 2 3 3 5 4 7 5 9 6 11 
5 25 4 20 3 15 2 10 1 5 0 0 1 2 2 4 3 6 4 8 5 10 
6 29 5 24 4 19 3 14 2 9 1 4 1 3 2 5 3 7 4 9 5 11 6 13 
6 28 5 23 4 18 3 13 2 8 2 7 2 6 3 8 4 10 5 12 6 14 
6 27 5 22 4 17 3 12 3 11 3 10 3 9 4 11 5 13 6 15 
6 26 5 21 4 16 4 15 4 14 4 13 4 12 5 14 6 16 
6 25 5 20 5 19 5 18 5 17 5 16 5 15 6 17 
6 23 6 22 6 21 6 20 6 19 
