0 0 0 0 0 0 0 0 0 0 0 0 0 0 0
0 0 0 0 0 0 0 0 0 0 0 0 0 0 0
0 0 0 0 0 0 0 0 0 0 0 0 0 0 0
0 0 0 0 0 0 0 0 0 0 0 0 0 0 0
0 0 0 0 0 0 0 0 4 1 0 0 0 0 0
0 0 3 0 0 0 0 0 6 0 1 0 0 0 0
0 0 4 1 0 0 0 0 8 0 0 1 0 0 0
0 0 6 0 0 0 0 0 7 4 1 0 0 0 0
0 0 9 0 0 0 0 0 7 4 2 0 0 0 0
0 0 13 1 0 0 0 0 9 1 2 1 0 0 0
0 0 15 0 0 0 0 0 5 5 4 0 0 0 0
0 0 11 2 1 0 0 0 10 4 4 0 0 0 0
0 0 14 2 1 0 0 0 12 3 4 0 0 0 0
0 0 14 2 1 0 0 0 15 4 3 1 0 0 0
0 0 18 3 1 0 0 0 19 2 0 0 0 0 0
0 0 21 3 1 0 0 0 20 3 0 0 0 0 0
0 0 22 5 1 1 0 0 21 1 0 0 0 0 0
0 0 24 4 2 1 0 0 20 3 0 0 0 0 0
0 0 27 4 2 1 0 0 22 2 1 0 0 0 0
0 0 24 7 3 1 0 0 23 3 0 0 0 0 0
1 0 19 6 3 2 0 0 24 9 2 0 0 0 -1
1 0 18 7 1 1 0 0 24 3 2 0 0 0 0
1 0 21 7 1 1 0 0 24 3 2 0 0 0 0
1 0 19 8 3 1 0 0 23 3 1 1 0 0 0
1 0 21 6 8 0 0 0 26 8 1 0 0 0 0
1 0 22 7 8 0 0 0 25 10 1 0 0 0 0
2 1 23 10 2 2 0 0 28 7 1 0 0 0 0
