abcabcabcabcabc388
2 4 23 1 4 3 2 1 1 2 9 2 10 
2 4 23 1 4 3 2 1 1 2 9 3 16 
2 4 23 1 4 3 2 1 1 2 9 4 22 
2 4 23 1 4 3 2 1 1 2 9 5 28 
2 4 23 1 4 3 2 1 1 2 9 1 5 
2 4 23 1 4 3 2 1 1 2 9 1 4 
2 4 23 1 4 3 2 1 1 2 9 1 3 
2 4 23 1 4 3 2 1 1 2 9 2 5 
2 4 23 1 4 3 2 1 1 2 9 3 7 
2 4 23 1 4 3 2 1 1 2 9 4 9 
2 4 23 1 4 3 2 1 1 2 9 5 11 
2 4 23 1 4 3 2 1 1 2 9 2 8 
2 4 23 1 4 3 2 1 1 2 9 3 11 
2 4 23 1 4 3 2 1 1 2 9 4 14 
2 4 23 1 4 3 2 1 1 2 9 5 17 
2 4 23 1 4 3 2 1 1 2 9 3 13 
2 4 23 1 4 3 2 1 1 2 9 4 17 
2 4 23 1 4 3 2 1 1 2 9 5 21 
2 4 23 1 4 3 2 1 1 2 9 3 14 
2 4 23 1 4 3 2 1 1 2 9 4 19 
2 4 23 1 4 3 2 1 1 2 9 5 24 
2 4 23 1 4 3 2 1 1 0 0 1 1 
2 4 23 1 4 3 2 1 1 0 0 2 2 
2 4 23 1 4 3 2 1 1 0 0 3 3 
2 4 23 1 4 3 2 1 1 0 0 4 4 
2 4 23 1 4 3 2 1 1 0 0 1 2 
2 4 23 1 4 3 2 1 1 0 0 2 4 
2 4 23 1 4 3 2 1 1 0 0 3 6 
2 4 23 1 4 3 2 1 1 0 0 4 8 
2 4 23 1 4 3 2 1 1 0 0 1 3 
2 4 23 1 4 3 2 1 1 0 0 2 6 
2 4 23 1 4 3 2 1 1 0 0 3 9 
2 4 23 1 4 3 2 1 1 0 0 4 12 
2 4 23 1 4 3 2 1 1 0 0 1 4 
2 4 23 1 4 3 2 1 1 0 0 2 8 
2 4 23 1 4 3 2 1 1 0 0 3 12 
2 4 23 1 4 3 2 1 1 0 0 4 16 
2 4 23 1 4 3 2 1 1 0 0 1 5 
2 4 23 1 4 3 2 1 1 0 0 2 10 
2 4 23 1 4 3 2 1 1 0 0 3 15 
2 4 23 1 4 3 2 1 1 0 0 4 20 
2 4 23 1 4 3 2 1 1 1 0 2 0 
2 4 23 1 4 3 2 1 1 1 0 3 0 
2 4 23 1 4 3 2 1 1 1 0 4 0 
2 4 23 1 4 3 2 1 1 1 0 2 1 
2 4 23 1 4 3 2 1 1 1 0 3 2 
2 4 23 1 4 3 2 1 1 1 0 4 3 
2 4 23 1 4 3 2 1 1 1 0 5 4 
2 4 23 1 4 3 2 1 1 1 0 1 1 
2 4 23 1 4 3 2 1 1 1 0 2 3 
2 4 23 1 4 3 2 1 1 1 0 1 5 
2 4 23 1 4 3 2 1 1 1 0 2 11 
2 4 23 1 4 3 2 1 1 1 0 3 16 
2 4 23 1 4 3 2 1 1 1 0 4 21 
2 4 23 1 4 3 2 1 1 1 0 5 26 
2 4 23 1 4 3 2 1 1 3 5 3 4 
2 4 23 1 4 3 2 1 1 3 5 3 3 
2 4 23 1 4 3 2 1 1 3 5 4 3 
2 4 23 1 4 3 2 1 1 3 5 5 3 
2 4 23 1 4 3 2 1 1 3 5 4 6 
2 4 23 1 4 3 2 1 1 3 5 5 7 
2 4 23 1 4 3 2 1 1 3 5 4 7 
2 4 23 1 4 3 2 1 1 3 5 5 9 
2 4 23 1 4 3 2 1 1 3 5 3 6 
2 4 23 1 4 3 2 1 1 3 5 4 9 
2 4 23 1 4 3 2 1 1 3 5 5 12 
2 4 23 1 4 3 2 1 1 3 5 2 4 
2 4 23 1 4 3 2 1 1 3 5 2 5 
2 4 23 1 4 3 2 1 1 3 5 2 6 
2 4 23 1 4 3 2 1 1 3 5 3 10 
2 4 23 1 4 3 2 1 1 3 5 4 14 
2 4 23 1 4 3 2 1 1 3 5 5 18 
2 4 23 1 4 3 2 1 1 3 5 2 3 
2 4 23 1 4 3 2 1 1 3 5 1 1 
2 4 23 1 4 3 2 9 1 2 1 3 1 
2 4 23 1 4 3 2 9 1 2 1 4 1 
2 4 23 1 4 3 2 9 1 2 1 5 1 
2 4 23 1 4 3 2 9 1 2 1 3 2 
2 4 23 1 4 3 2 9 1 2 1 4 3 
2 4 23 1 4 3 2 9 1 2 1 5 4 
2 4 23 1 4 3 2 9 1 2 1 2 2 
2 4 23 1 4 3 2 9 1 2 1 3 4 
2 4 23 1 4 3 2 9 1 2 1 4 6 
2 4 23 1 4 3 2 9 1 2 1 5 8 
2 4 23 1 4 3 2 9 1 2 1 1 1 
2 4 23 1 4 3 2 9 1 2 1 1 2 
2 4 23 1 4 3 2 9 1 2 1 2 5 
2 4 23 1 4 3 2 9 1 2 1 3 8 
2 4 23 1 4 3 2 9 1 2 1 4 11 
2 4 23 1 4 3 2 9 1 2 1 5 14 
2 4 23 1 4 3 2 9 1 2 1 2 0 
2 4 23 1 4 3 2 9 1 2 1 3 17 
2 4 23 1 4 3 2 9 1 2 1 4 22 
2 4 23 1 4 3 2 9 1 2 1 5 27 
2 4 23 1 4 3 2 9 1 0 0 1 1 
2 4 23 1 4 3 2 9 1 0 0 2 2 
2 4 23 1 4 3 2 9 1 0 0 3 3 
2 4 23 1 4 3 2 9 1 0 0 4 4 
2 4 23 1 4 3 2 9 1 0 0 1 2 
2 4 23 1 4 3 2 9 1 0 0 2 4 
2 4 23 1 4 3 2 9 1 0 0 3 6 
2 4 23 1 4 3 2 9 1 0 0 4 8 
2 4 23 1 4 3 2 9 1 0 0 1 3 
2 4 23 1 4 3 2 9 1 0 0 2 6 
2 4 23 1 4 3 2 9 1 0 0 3 9 
2 4 23 1 4 3 2 9 1 0 0 4 12 
2 4 23 1 4 3 2 9 1 0 0 1 4 
2 4 23 1 4 3 2 9 1 0 0 2 8 
2 4 23 1 4 3 2 9 1 0 0 3 12 
2 4 23 1 4 3 2 9 1 0 0 4 16 
2 4 23 1 4 3 2 9 1 0 0 1 5 
2 4 23 1 4 3 2 9 1 0 0 2 10 
2 4 23 1 4 3 2 9 1 0 0 3 15 
2 4 23 1 4 3 2 9 1 0 0 4 20 
2 4 23 1 4 3 2 9 1 1 0 2 0 
2 4 23 1 4 3 2 9 1 1 0 3 0 
2 4 23 1 4 3 2 9 1 1 0 4 0 
2 4 23 1 4 3 2 9 1 1 0 1 1 
2 4 23 1 4 3 2 9 1 1 0 2 3 
2 4 23 1 4 3 2 9 1 1 0 1 5 
2 4 23 1 4 3 2 9 1 1 0 2 9 
2 4 23 1 4 3 2 9 1 1 0 3 13 
2 4 23 1 4 3 2 9 1 1 0 4 17 
2 4 23 1 4 3 2 9 1 1 0 5 21 
2 4 23 1 4 3 2 9 1 1 0 2 11 
2 4 23 1 4 3 2 9 1 1 0 3 16 
2 4 23 1 4 3 2 9 1 1 0 4 21 
2 4 23 1 4 3 2 9 1 1 0 5 26 
2 4 23 1 4 3 2 9 1 3 5 3 4 
2 4 23 1 4 3 2 9 1 3 5 3 3 
2 4 23 1 4 3 2 9 1 3 5 4 3 
2 4 23 1 4 3 2 9 1 3 5 5 3 
2 4 23 1 4 3 2 9 1 3 5 4 6 
2 4 23 1 4 3 2 9 1 3 5 5 7 
2 4 23 1 4 3 2 9 1 3 5 4 7 
2 4 23 1 4 3 2 9 1 3 5 5 9 
2 4 23 1 4 3 2 9 1 3 5 3 6 
2 4 23 1 4 3 2 9 1 3 5 4 9 
2 4 23 1 4 3 2 9 1 3 5 5 12 
2 4 23 1 4 3 2 9 1 3 5 2 4 
2 4 23 1 4 3 2 9 1 3 5 2 5 
2 4 23 1 4 3 2 9 1 3 5 2 6 
2 4 23 1 4 3 2 9 1 3 5 3 10 
2 4 23 1 4 3 2 9 1 3 5 4 14 
2 4 23 1 4 3 2 9 1 3 5 5 18 
2 4 23 1 4 3 2 9 1 3 5 2 3 
2 4 23 1 4 3 2 9 1 3 5 1 1 
2 4 23 1 4 3 0 0 1 2 1 3 1 
2 4 23 1 4 3 0 0 1 2 1 4 1 
2 4 23 1 4 3 0 0 1 2 1 5 1 
2 4 23 1 4 3 0 0 1 2 1 3 2 
2 4 23 1 4 3 0 0 1 2 1 4 3 
2 4 23 1 4 3 0 0 1 2 1 5 4 
2 4 23 1 4 3 0 0 1 2 1 2 2 
2 4 23 1 4 3 0 0 1 2 1 3 4 
2 4 23 1 4 3 0 0 1 2 1 4 6 
2 4 23 1 4 3 0 0 1 2 1 5 8 
2 4 23 1 4 3 0 0 1 2 1 1 1 
2 4 23 1 4 3 0 0 1 2 1 1 2 
2 4 23 1 4 3 0 0 1 2 1 2 5 
2 4 23 1 4 3 0 0 1 2 1 3 8 
2 4 23 1 4 3 0 0 1 2 1 4 11 
2 4 23 1 4 3 0 0 1 2 1 5 14 
2 4 23 1 4 3 0 0 1 2 1 2 0 
2 4 23 1 4 3 0 0 1 2 1 3 17 
2 4 23 1 4 3 0 0 1 2 1 4 22 
2 4 23 1 4 3 0 0 1 2 1 5 27 
2 4 23 1 4 3 0 0 1 2 9 2 10 
2 4 23 1 4 3 0 0 1 2 9 3 16 
2 4 23 1 4 3 0 0 1 2 9 4 22 
2 4 23 1 4 3 0 0 1 2 9 5 28 
2 4 23 1 4 3 0 0 1 2 9 1 5 
2 4 23 1 4 3 0 0 1 2 9 1 4 
2 4 23 1 4 3 0 0 1 2 9 1 3 
2 4 23 1 4 3 0 0 1 2 9 2 5 
2 4 23 1 4 3 0 0 1 2 9 3 7 
2 4 23 1 4 3 0 0 1 2 9 4 9 
2 4 23 1 4 3 0 0 1 2 9 5 11 
2 4 23 1 4 3 0 0 1 2 9 2 8 
2 4 23 1 4 3 0 0 1 2 9 3 11 
2 4 23 1 4 3 0 0 1 2 9 4 14 
2 4 23 1 4 3 0 0 1 2 9 5 17 
2 4 23 1 4 3 0 0 1 2 9 3 13 
2 4 23 1 4 3 0 0 1 2 9 4 17 
2 4 23 1 4 3 0 0 1 2 9 5 21 
2 4 23 1 4 3 0 0 1 2 9 3 14 
2 4 23 1 4 3 0 0 1 2 9 4 19 
2 4 23 1 4 3 0 0 1 2 9 5 24 
2 4 23 1 4 3 0 0 1 1 0 2 0 
2 4 23 1 4 3 0 0 1 1 0 3 0 
2 4 23 1 4 3 0 0 1 1 0 4 0 
2 4 23 1 4 3 0 0 1 1 0 1 1 
2 4 23 1 4 3 0 0 1 1 0 2 3 
2 4 23 1 4 3 0 0 1 1 0 0 0 
2 4 23 1 4 3 0 0 1 1 0 1 3 
2 4 23 1 4 3 0 0 1 1 0 2 6 
2 4 23 1 4 3 0 0 1 1 0 3 9 
2 4 23 1 4 3 0 0 1 1 0 4 12 
2 4 23 1 4 3 0 0 1 1 0 1 5 
2 4 23 1 4 3 0 0 1 1 0 2 11 
2 4 23 1 4 3 0 0 1 1 0 3 16 
2 4 23 1 4 3 0 0 1 1 0 4 21 
2 4 23 1 4 3 0 0 1 1 0 5 26 
2 4 23 1 4 3 0 0 1 3 5 3 4 
2 4 23 1 4 3 0 0 1 3 5 3 3 
2 4 23 1 4 3 0 0 1 3 5 4 3 
2 4 23 1 4 3 0 0 1 3 5 5 3 
2 4 23 1 4 3 0 0 1 3 5 4 6 
2 4 23 1 4 3 0 0 1 3 5 5 7 
2 4 23 1 4 3 0 0 1 3 5 4 7 
2 4 23 1 4 3 0 0 1 3 5 5 9 
2 4 23 1 4 3 0 0 1 3 5 3 6 
2 4 23 1 4 3 0 0 1 3 5 4 9 
2 4 23 1 4 3 0 0 1 3 5 5 12 
2 4 23 1 4 3 0 0 1 3 5 2 4 
2 4 23 1 4 3 0 0 1 3 5 2 5 
2 4 23 1 4 3 0 0 1 3 5 2 6 
2 4 23 1 4 3 0 0 1 3 5 3 10 
2 4 23 1 4 3 0 0 1 3 5 4 14 
2 4 23 1 4 3 0 0 1 3 5 5 18 
2 4 23 1 4 3 0 0 1 3 5 2 3 
2 4 23 1 4 3 0 0 1 3 5 1 1 
2 4 23 1 4 3 1 0 1 2 1 3 1 
2 4 23 1 4 3 1 0 1 2 1 4 1 
2 4 23 1 4 3 1 0 1 2 1 5 1 
2 4 23 1 4 3 1 0 1 2 1 3 2 
2 4 23 1 4 3 1 0 1 2 1 4 3 
2 4 23 1 4 3 1 0 1 2 1 5 4 
2 4 23 1 4 3 1 0 1 2 1 2 2 
2 4 23 1 4 3 1 0 1 2 1 3 4 
2 4 23 1 4 3 1 0 1 2 1 4 6 
2 4 23 1 4 3 1 0 1 2 1 5 8 
2 4 23 1 4 3 1 0 1 2 1 1 1 
2 4 23 1 4 3 1 0 1 2 1 1 2 
2 4 23 1 4 3 1 0 1 2 1 2 5 
2 4 23 1 4 3 1 0 1 2 1 3 8 
2 4 23 1 4 3 1 0 1 2 1 4 11 
2 4 23 1 4 3 1 0 1 2 1 5 14 
2 4 23 1 4 3 1 0 1 2 1 1 0 
2 4 23 1 4 3 1 0 1 2 1 1 5 
2 4 23 1 4 3 1 0 1 2 1 2 0 
2 4 23 1 4 3 1 0 1 2 1 3 17 
2 4 23 1 4 3 1 0 1 2 1 4 22 
2 4 23 1 4 3 1 0 1 2 1 5 27 
2 4 23 1 4 3 1 0 1 2 9 2 10 
2 4 23 1 4 3 1 0 1 2 9 3 16 
2 4 23 1 4 3 1 0 1 2 9 4 22 
2 4 23 1 4 3 1 0 1 2 9 5 28 
2 4 23 1 4 3 1 0 1 2 9 1 5 
2 4 23 1 4 3 1 0 1 2 9 1 0 
2 4 23 1 4 3 1 0 1 2 9 1 4 
2 4 23 1 4 3 1 0 1 2 9 1 3 
2 4 23 1 4 3 1 0 1 2 9 2 5 
2 4 23 1 4 3 1 0 1 2 9 3 7 
2 4 23 1 4 3 1 0 1 2 9 4 9 
2 4 23 1 4 3 1 0 1 2 9 5 11 
2 4 23 1 4 3 1 0 1 2 9 2 8 
2 4 23 1 4 3 1 0 1 2 9 3 11 
2 4 23 1 4 3 1 0 1 2 9 4 14 
2 4 23 1 4 3 1 0 1 2 9 5 17 
2 4 23 1 4 3 1 0 1 2 9 3 13 
2 4 23 1 4 3 1 0 1 2 9 4 17 
2 4 23 1 4 3 1 0 1 2 9 5 21 
2 4 23 1 4 3 1 0 1 2 9 3 14 
2 4 23 1 4 3 1 0 1 2 9 4 19 
2 4 23 1 4 3 1 0 1 2 9 5 24 
2 4 23 1 4 3 1 0 1 0 0 1 0 
2 4 23 1 4 3 1 0 1 0 0 2 0 
2 4 23 1 4 3 1 0 1 0 0 3 0 
2 4 23 1 4 3 1 0 1 0 0 4 0 
2 4 23 1 4 3 1 0 1 0 0 1 1 
2 4 23 1 4 3 1 0 1 0 0 2 2 
2 4 23 1 4 3 1 0 1 0 0 3 3 
2 4 23 1 4 3 1 0 1 0 0 4 4 
2 4 23 1 4 3 1 0 1 0 0 1 2 
2 4 23 1 4 3 1 0 1 0 0 2 4 
2 4 23 1 4 3 1 0 1 0 0 3 6 
2 4 23 1 4 3 1 0 1 0 0 4 8 
2 4 23 1 4 3 1 0 1 0 0 1 3 
2 4 23 1 4 3 1 0 1 0 0 2 6 
2 4 23 1 4 3 1 0 1 0 0 3 9 
2 4 23 1 4 3 1 0 1 0 0 4 12 
2 4 23 1 4 3 1 0 1 0 0 1 4 
2 4 23 1 4 3 1 0 1 0 0 2 8 
2 4 23 1 4 3 1 0 1 0 0 3 12 
2 4 23 1 4 3 1 0 1 0 0 4 16 
2 4 23 1 4 3 1 0 1 0 0 1 5 
2 4 23 1 4 3 1 0 1 0 0 2 10 
2 4 23 1 4 3 1 0 1 0 0 3 15 
2 4 23 1 4 3 1 0 1 0 0 4 20 
2 4 23 1 4 3 1 0 1 3 5 3 4 
2 4 23 1 4 3 1 0 1 3 5 3 3 
2 4 23 1 4 3 1 0 1 3 5 4 3 
2 4 23 1 4 3 1 0 1 3 5 5 3 
2 4 23 1 4 3 1 0 1 3 5 4 6 
2 4 23 1 4 3 1 0 1 3 5 5 7 
2 4 23 1 4 3 1 0 1 3 5 4 7 
2 4 23 1 4 3 1 0 1 3 5 5 9 
2 4 23 1 4 3 1 0 1 3 5 3 6 
2 4 23 1 4 3 1 0 1 3 5 4 9 
2 4 23 1 4 3 1 0 1 3 5 5 12 
2 4 23 1 4 3 1 0 1 3 5 2 4 
2 4 23 1 4 3 1 0 1 3 5 2 5 
2 4 23 1 4 3 1 0 1 3 5 2 6 
2 4 23 1 4 3 1 0 1 3 5 3 10 
2 4 23 1 4 3 1 0 1 3 5 4 14 
2 4 23 1 4 3 1 0 1 3 5 5 18 
2 4 23 1 4 3 1 0 1 3 5 2 3 
2 4 23 1 4 3 1 0 1 3 5 1 1 
2 4 23 1 4 3 1 0 1 3 5 1 0 
2 4 23 1 4 3 1 0 1 3 5 2 11 
2 4 23 1 4 3 1 0 1 3 5 3 16 
2 4 23 1 4 3 1 0 1 3 5 4 21 
2 4 23 1 4 3 1 0 1 3 5 5 26 
2 4 23 1 4 3 3 5 1 2 1 3 1 
2 4 23 1 4 3 3 5 1 2 1 4 1 
2 4 23 1 4 3 3 5 1 2 1 5 1 
2 4 23 1 4 3 3 5 1 2 1 3 2 
2 4 23 1 4 3 3 5 1 2 1 4 3 
2 4 23 1 4 3 3 5 1 2 1 5 4 
2 4 23 1 4 3 3 5 1 2 1 2 2 
2 4 23 1 4 3 3 5 1 2 1 3 4 
2 4 23 1 4 3 3 5 1 2 1 4 6 
2 4 23 1 4 3 3 5 1 2 1 5 8 
2 4 23 1 4 3 3 5 1 2 1 1 1 
2 4 23 1 4 3 3 5 1 2 1 1 2 
2 4 23 1 4 3 3 5 1 2 1 2 5 
2 4 23 1 4 3 3 5 1 2 1 3 8 
2 4 23 1 4 3 3 5 1 2 1 4 11 
2 4 23 1 4 3 3 5 1 2 1 5 14 
2 4 23 1 4 3 3 5 1 2 1 2 0 
2 4 23 1 4 3 3 5 1 2 1 3 17 
2 4 23 1 4 3 3 5 1 2 1 4 22 
2 4 23 1 4 3 3 5 1 2 1 5 27 
2 4 23 1 4 3 3 5 1 2 9 2 10 
2 4 23 1 4 3 3 5 1 2 9 3 16 
2 4 23 1 4 3 3 5 1 2 9 4 22 
2 4 23 1 4 3 3 5 1 2 9 5 28 
2 4 23 1 4 3 3 5 1 2 9 1 5 
2 4 23 1 4 3 3 5 1 2 9 1 4 
2 4 23 1 4 3 3 5 1 2 9 1 3 
2 4 23 1 4 3 3 5 1 2 9 2 5 
2 4 23 1 4 3 3 5 1 2 9 3 7 
2 4 23 1 4 3 3 5 1 2 9 4 9 
2 4 23 1 4 3 3 5 1 2 9 5 11 
2 4 23 1 4 3 3 5 1 2 9 2 8 
2 4 23 1 4 3 3 5 1 2 9 3 11 
2 4 23 1 4 3 3 5 1 2 9 4 14 
2 4 23 1 4 3 3 5 1 2 9 5 17 
2 4 23 1 4 3 3 5 1 2 9 3 13 
2 4 23 1 4 3 3 5 1 2 9 4 17 
2 4 23 1 4 3 3 5 1 2 9 5 21 
2 4 23 1 4 3 3 5 1 2 9 3 14 
2 4 23 1 4 3 3 5 1 2 9 4 19 
2 4 23 1 4 3 3 5 1 2 9 5 24 
2 4 23 1 4 3 3 5 1 0 0 1 1 
2 4 23 1 4 3 3 5 1 0 0 2 2 
2 4 23 1 4 3 3 5 1 0 0 3 3 
2 4 23 1 4 3 3 5 1 0 0 4 4 
2 4 23 1 4 3 3 5 1 0 0 1 2 
2 4 23 1 4 3 3 5 1 0 0 2 4 
2 4 23 1 4 3 3 5 1 0 0 3 6 
2 4 23 1 4 3 3 5 1 0 0 4 8 
2 4 23 1 4 3 3 5 1 0 0 1 3 
2 4 23 1 4 3 3 5 1 0 0 2 6 
2 4 23 1 4 3 3 5 1 0 0 3 9 
2 4 23 1 4 3 3 5 1 0 0 4 12 
2 4 23 1 4 3 3 5 1 0 0 1 4 
2 4 23 1 4 3 3 5 1 0 0 2 8 
2 4 23 1 4 3 3 5 1 0 0 3 12 
2 4 23 1 4 3 3 5 1 0 0 4 16 
2 4 23 1 4 3 3 5 1 0 0 1 5 
2 4 23 1 4 3 3 5 1 0 0 2 10 
2 4 23 1 4 3 3 5 1 0 0 3 15 
2 4 23 1 4 3 3 5 1 0 0 4 20 
2 4 23 1 4 3 3 5 1 1 0 2 0 
2 4 23 1 4 3 3 5 1 1 0 3 0 
2 4 23 1 4 3 3 5 1 1 0 4 0 
2 4 23 1 4 3 3 5 1 1 0 1 1 
2 4 23 1 4 3 3 5 1 1 0 2 3 
2 4 23 1 4 3 3 5 1 1 0 3 5 
2 4 23 1 4 3 3 5 1 1 0 4 7 
2 4 23 1 4 3 3 5 1 1 0 5 9 
2 4 23 1 4 3 3 5 1 1 0 1 5 
2 4 23 1 4 3 3 5 1 1 0 2 11 
2 4 23 1 4 3 3 5 1 1 0 3 16 
2 4 23 1 4 3 3 5 1 1 0 4 21 
2 4 23 1 4 3 3 5 1 1 0 5 26 
