6 29 6 28 6 27 6 26 6 25 
6 31 5 25 5 24 5 23 5 22 5 21 5 20 6 23 
6 32 5 26 4 20 4 19 4 18 4 17 4 16 5 19 6 22 
6 33 5 27 4 21 3 15 3 14 3 13 3 12 4 15 5 18 6 21 
6 34 5 28 4 22 3 16 2 10 2 9 2 8 3 11 4 14 5 17 6 20 
6 35 5 29 4 23 3 17 2 11 1 5 1 4 2 7 3 10 4 13 5 16 6 19 
5 0 4 0 3 0 2 0 1 0 0 0 1 3 2 6 3 9 4 12 5 15 
6 1 5 1 4 1 3 1 2 1 1 1 1 2 2 5 3 8 4 11 5 14 6 17 
6 2 5 2 4 2 3 2 2 2 2 3 2 4 3 7 4 10 5 13 6 16 
6 3 5 3 4 3 3 3 3 4 3 5 3 6 4 9 5 12 6 15 
6 4 5 4 4 4 4 5 4 6 4 7 4 8 5 11 6 14 
6 5 5 5 5 6 5 7 5 8 5 9 5 10 6 13 
6 7 6 8 6 9 6 10 6 11 
