6 35 6 34 6 33 6 32 6 31 
6 1 5 0 5 29 5 28 5 27 5 26 5 25 6 29 
6 2 5 1 4 0 4 23 4 22 4 21 4 20 5 24 6 28 
6 3 5 2 4 1 3 0 3 17 3 16 3 15 4 19 5 23 6 27 
6 4 5 3 4 2 3 1 2 0 2 11 2 10 3 14 4 18 5 22 6 26 
6 5 5 4 4 3 3 2 2 1 1 0 1 5 2 9 3 13 4 17 5 21 6 25 
5 5 4 4 3 3 2 2 1 1 0 0 1 4 2 8 3 12 4 16 5 20 
6 7 5 6 4 5 3 4 2 3 1 2 1 3 2 7 3 11 4 15 5 19 6 23 
6 8 5 7 4 6 3 5 2 4 2 5 2 6 3 10 4 14 5 18 6 22 
6 9 5 8 4 7 3 6 3 7 3 8 3 9 4 13 5 17 6 21 
6 10 5 9 4 8 4 9 4 10 4 11 4 12 5 16 6 20 
6 11 5 10 5 11 5 12 5 13 5 14 5 15 6 19 
6 13 6 14 6 15 6 16 6 17 
